
C
-14.9620
-14.5716
-13.6650
-14.1534
-13.5562
-13.0744
-13.2105
-12.9861
-12.3733
-12.9780
-12.6927
-12.7235
-12.6641
-12.2959
-12.6981
-12.7368

CI
-15.6567
-15.3735
-15.2775
-14.8223
-14.6941
-14.2394
-12.8328
-13.8264
-13.1692
-13.4011
-13.4762
-12.9899
-13.3066
-13.1676
-12.6967
-12.8070

CIk
-13.8892
-13.3327
-12.9615
-12.7160
-12.9224
-12.5850
-12.1861
-11.6055
-11.2270
-11.6652
-11.1327
-10.9675
-11.2870
-10.8498
-11.4535
-11.2463

CIkI
-14.0658
-13.6347
-12.7608
-13.0638
-13.1222
-11.5124
-11.6159
-11.2428
-11.2986
-11.0767
-11.4733
-11.0164
-11.1701
-11.2702
-10.7240
-10.6622

CIkIl
-13.1018
-13.3866
-12.5039
-11.8495
-12.3053
-11.3011
-11.4856
-10.7805
-10.6514
-10.7039
-11.1344
-11.0419
-10.7466
-10.4686
-10.9157
-10.8147

CIkIlm
-13.3532
-13.3283
-12.8838
-11.4297
-12.3940
-11.8850
-11.4015
-10.4093
-10.2126
-10.7619
-10.2529
-10.4247
-10.2240
-10.3779
-10.4415
-10.2797

CIkIlma
-13.0892
-12.2633
-12.7014
-12.0142
-11.8650
-11.2224
-10.5090
-10.2082
-10.2730
-10.2589
-10.3161
-10.1385
-10.2842
-10.0583
-9.9188
-9.8358

CIkIlmay
-15.9530
-13.7881
-13.8341
-13.8123
-13.1363
-12.8356
-12.9430
-11.7012
-11.3469
-11.7869
-11.3157
-11.3214
-11.3267
-11.3033
-11.4561
-11.6629

CIkIlmaya
-15.6907
-14.9620
-14.3974
-12.9304
-14.1081
-11.9263
-12.8029
-12.4811
-11.7446
-11.9058
-12.3798
-11.9606
-12.0206
-12.1507
-11.7739
-11.8967

CIkIlmayac
-16.6072
-14.5867
-15.5188
-14.4236
-12.9910
-13.5948
-13.5291
-12.2951
-12.3730
-12.5086
-12.3399
-12.6004
-12.1032
-12.4904
-12.0029
-12.1583

CIkIlmayaca
-16.9887
-16.9476
-15.3900
-16.3254
-14.4773
-14.7436
-14.8761
-13.6959
-14.1309
-14.0171
-13.5694
-13.4272
-13.3529
-13.2016
-13.4153
-12.8627

CIkIlmayacak
-14.8062
-14.2356
-14.2471
-13.7538
-14.0708
-13.6649
-12.9350
-12.5823
-12.6388
-12.6704
-12.2952
-12.0390
-11.8764
-12.3607
-11.8622
-12.0316

CIkIlmayacakt
-17.0630
-16.2250
-16.4325
-16.3515
-15.5485
-14.4858
-14.4831
-13.4621
-14.2868
-14.4780
-13.7646
-13.8415
-13.9770
-13.9436
-13.4886
-14.0320

CIkIlmayacaktI
-16.5858
-15.3945
-14.6529
-14.0504
-13.3306
-13.8208
-13.3956
-12.5467
-12.5326
-12.7749
-12.2395
-12.1587
-12.4314
-12.1655
-12.3910
-11.1694

C
-14.9620
-14.5716
-13.6650
-14.1534
-13.5562
-13.0744
-13.2105
-12.9861
-12.3733
-12.9780
-12.6927
-12.7235
-12.6641
-12.2959
-12.6981
-12.7368

CI
-15.6567
-15.3735
-15.2775
-14.8223
-14.6941
-14.2394
-12.8328
-13.8264
-13.1692
-13.4011
-13.4762
-12.9899
-13.3066
-13.1676
-12.6967
-12.8070

CIk
-13.8892
-13.3327
-12.9615
-12.7160
-12.9224
-12.5850
-12.1861
-11.6055
-11.2270
-11.6652
-11.1327
-10.9675
-11.2870
-10.8498
-11.4535
-11.2463

CIka
-14.1545
-13.1972
-13.2730
-12.6263
-13.1045
-12.5810
-12.0673
-11.4546
-11.1760
-11.1082
-11.5953
-11.3266
-11.1191
-10.9453
-11.1559
-10.9912

CIkar
-12.1341
-12.0028
-11.1666
-10.3194
-10.5791
-10.0336
-9.9613
-9.9098
-9.3588
-9.8946
-9.6133
-10.0764
-9.4571
-9.3112
-9.3314
-9.3259

CIkarI
-11.4407
-11.7351
-11.4984
-10.8940
-10.8388
-9.9197
-9.9772
-9.5026
-8.9722
-9.0704
-9.3717
-9.0773
-8.9428
-8.3397
-8.8239
-8.7830

CIkarIn
-11.2884
-11.6606
-10.8454
-10.9340
-10.3125
-9.9412
-9.6212
-9.4557
-9.2660
-9.2175
-9.1913
-8.9022
-8.3604
-9.0018
-8.8650
-8.3627

CIkarIna
-12.8237
-11.6300
-11.6786
-10.2279
-10.9872
-10.4907
-9.9981
-10.0867
-8.9909
-9.5049
-9.8443
-9.2596
-9.2489
-9.5512
-8.9920
-9.5471

C
-14.9620
-14.5716
-13.6650
-14.1534
-13.5562
-13.0744
-13.2105
-12.9861
-12.3733
-12.9780
-12.6927
-12.7235
-12.6641
-12.2959
-12.6981
-12.7368

CI
-15.6567
-15.3735
-15.2775
-14.8223
-14.6941
-14.2394
-12.8328
-13.8264
-13.1692
-13.4011
-13.4762
-12.9899
-13.3066
-13.1676
-12.6967
-12.8070

CIk
-13.8892
-13.3327
-12.9615
-12.7160
-12.9224
-12.5850
-12.1861
-11.6055
-11.2270
-11.6652
-11.1327
-10.9675
-11.2870
-10.8498
-11.4535
-11.2463

CIka
-14.1545
-13.1972
-13.2730
-12.6263
-13.1045
-12.5810
-12.0673
-11.4546
-11.1760
-11.1082
-11.5953
-11.3266
-11.1191
-10.9453
-11.1559
-10.9912

CIkar
-12.1341
-12.0028
-11.1666
-10.3194
-10.5791
-10.0336
-9.9613
-9.9098
-9.3588
-9.8946
-9.6133
-10.0764
-9.4571
-9.3112
-9.3314
-9.3259

CIkart
-12.3042
-12.5874
-11.2722
-12.1095
-11.2483
-10.8237
-10.3828
-10.6919
-10.3091
-10.7623
-10.1899
-10.3716
-10.1544
-10.2064
-10.1501
-10.2635

CIkartI
-12.2395
-11.9922
-11.7531
-11.2901
-11.0374
-9.7149
-9.0584
-9.4580
-9.5550
-8.4780
-9.3598
-9.2141
-8.8159
-9.2618
-8.5299
-9.3377

CIkartIl
-11.8047
-11.5709
-11.2530
-10.9255
-10.9833
-10.4532
-9.4837
-9.8920
-9.6663
-9.5771
-9.5064
-9.4303
-9.7332
-9.0375
-9.4116
-9.6216

CIkartIlI
-10.5099
-12.0565
-12.3230
-11.4098
-11.0641
-10.1109
-9.6452
-9.9976
-9.7203
-9.9352
-9.2273
-9.9581
-9.7806
-9.5153
-9.2879
-9.6542

CIkartIlIr
-10.8109
-11.4293
-10.4448
-10.2291
-10.6883
-10.0461
-8.8574
-8.8318
-9.1719
-8.7332
-9.3634
-8.7409
-8.3530
-8.6663
-8.8222
-8.0005

C
-14.9620
-14.5716
-13.6650
-14.1534
-13.5562
-13.0744
-13.2105
-12.9861
-12.3733
-12.9780
-12.6927
-12.7235
-12.6641
-12.2959
-12.6981
-12.7368

CI
-15.6567
-15.3735
-15.2775
-14.8223
-14.6941
-14.2394
-12.8328
-13.8264
-13.1692
-13.4011
-13.4762
-12.9899
-13.3066
-13.1676
-12.6967
-12.8070

CIk
-13.8892
-13.3327
-12.9615
-12.7160
-12.9224
-12.5850
-12.1861
-11.6055
-11.2270
-11.6652
-11.1327
-10.9675
-11.2870
-10.8498
-11.4535
-11.2463

CIkr
-14.1872
-12.7141
-12.1300
-12.3750
-12.1573
-12.2390
-11.8731
-11.3577
-11.3123
-11.2749
-10.6842
-11.3241
-11.0179
-11.1863
-10.9738
-10.9999

CIkrI
-12.5810
-11.0576
-11.9515
-11.2691
-11.0315
-10.6431
-9.8288
-9.7812
-9.2982
-9.9676
-9.4874
-9.9966
-9.9441
-9.8993
-9.3933
-9.5408

CIkrIk
-12.1948
-11.7678
-11.2553
-10.9516
-10.9526
-10.4828
-10.4993
-9.4468
-9.5886
-9.8153
-9.2694
-9.5958
-9.5366
-9.2137
-8.9019
-9.5666

CIkrIkl
-13.7082
-13.9155
-12.9454
-11.6774
-12.4867
-11.7481
-11.4928
-11.3032
-10.8671
-10.9962
-11.1091
-10.3715
-10.6309
-10.4787
-10.5811
-10.6193

CIkrIkla
-12.7295
-12.5197
-11.8452
-11.6750
-11.4470
-10.3783
-10.0534
-9.7773
-10.3244
-9.7878
-9.7834
-10.2600
-9.5216
-9.3551
-9.8811
-9.4174

CIkrIklar
-12.0146
-11.8879
-11.6382
-10.8197
-10.6820
-10.2506
-10.2524
-10.1641
-10.0410
-9.7119
-9.7812
-8.7639
-9.4745
-9.6741
-9.9438
-9.5698

CIkrIklarI
-11.6397
-12.6653
-11.7840
-11.3974
-11.2180
-9.8542
-10.5155
-9.8178
-9.6339
-9.5944
-9.6553
-9.2047
-9.3345
-9.3706
-9.6583
-9.5273

CIkrIklarIn
-12.2224
-12.1591
-11.5173
-10.8909
-10.1480
-10.6672
-9.6798
-10.0196
-9.7145
-9.5617
-9.6478
-9.3342
-9.5574
-9.2921
-9.5473
-9.0753

C
-14.9620
-14.5716
-13.6650
-14.1534
-13.5562
-13.0744
-13.2105
-12.9861
-12.3733
-12.9780
-12.6927
-12.7235
-12.6641
-12.2959
-12.6981
-12.7368

CI
-15.6567
-15.3735
-15.2775
-14.8223
-14.6941
-14.2394
-12.8328
-13.8264
-13.1692
-13.4011
-13.4762
-12.9899
-13.3066
-13.1676
-12.6967
-12.8070

CIr
-14.4819
-13.2453
-12.5468
-11.9492
-12.6959
-11.6342
-11.2995
-11.5096
-11.2363
-11.2415
-11.4121
-10.7709
-11.0336
-11.3581
-11.0796
-10.0959

CIrp
-12.6053
-12.2999
-12.1824
-11.3058
-11.3419
-10.9467
-10.1734
-10.1651
-9.9494
-10.2741
-9.8054
-9.8443
-8.8257
-9.9695
-9.8610
-9.7881

CIrpI
-12.0766
-12.5855
-11.1298
-10.1522
-10.5747
-9.5320
-9.4577
-9.2552
-9.2331
-9.4850
-9.1437
-8.7432
-8.7253
-8.8010
-9.1024
-9.0677

CIrpIp
-12.5794
-11.0886
-10.1323
-9.8947
-9.8895
-9.4439
-9.1171
-8.9609
-8.4625
-8.5015
-8.7032
-8.4808
-8.5244
-8.7353
-8.8057
-8.7372
